Camera matrix : 

[[320.98810517   0.         345.66820227]
 [  0.         320.93294884 235.29371339]
 [  0.           0.           1.        ]]
dist : 

[[ 0.14738838 -0.24645601 -0.00157817  0.00244252  0.12768613]]
rvecs : 

[array([[ 0.33193323],
       [-0.12797605],
       [-1.48821853]]), array([[ 0.44932803],
       [-0.41843893],
       [-1.70507839]]), array([[ 0.63144938],
       [-0.02186398],
       [-1.46074265]]), array([[-0.22444493],
       [-0.37544675],
       [-1.53691744]]), array([[-0.42593406],
       [ 0.39770765],
       [-1.47306596]]), array([[-0.30446235],
       [ 0.26734862],
       [-1.54081267]]), array([[ 0.39343604],
       [-0.06292817],
       [-1.29971433]]), array([[-0.04400637],
       [ 0.08367615],
       [-1.6427909 ]]), array([[ 0.09121192],
       [-0.04131117],
       [-1.65362157]]), array([[-0.2567322 ],
       [-0.8601201 ],
       [-1.66051886]]), array([[ 0.52689968],
       [-0.63317258],
       [-1.70085649]]), array([[ 0.31973775],
       [-0.13462436],
       [-1.73680325]]), array([[-0.24646535],
       [-0.64806143],
       [-1.61912019]])]
tvecs : 

[array([[-5.10734745],
       [ 1.27697795],
       [ 7.87275741]]), array([[-2.50521031],
       [ 3.20466453],
       [ 5.74646559]]), array([[-4.38986805],
       [ 1.73773545],
       [ 7.95852988]]), array([[-4.95717912],
       [ 0.67238996],
       [ 6.60112724]]), array([[-5.04948995],
       [ 1.42943365],
       [ 8.90494987]]), array([[-3.86940472],
       [ 1.58689785],
       [ 8.10981512]]), array([[-5.38289815],
       [ 0.68391061],
       [ 7.91254461]]), array([[-3.2969275 ],
       [ 2.18597771],
       [ 6.82768136]]), array([[-3.29223844],
       [ 2.27701273],
       [ 6.40287763]]), array([[-3.4556433 ],
       [-0.16952619],
       [ 4.89136545]]), array([[-2.17090735],
       [ 2.80812277],
       [ 5.67072186]]), array([[-2.96585336],
       [ 3.36891273],
       [ 6.01452512]]), array([[-4.01599273],
       [ 0.13315831],
       [ 5.58894412]])]
